235150207111056
245150200111038
245150200111039
245150200111040
245150200111041
245150200111042
245150200111043
245150200111044
245150200111045
245150200111046
245150200111047
245150200111048
245150200111049
245150200111050
245150201111028
245150201111029
245150201111030
245150201111031
245150201111032
245150201111033
245150201111034
245150201111035
245150201111036
245150207111052
245150207111053
245150207111054
245150207111055
245150207111056
245150207111057
245150207111058
245150207111059
245150207111060
245150207111061
245150207111062
245150207111063
245150207111064
245150207111065
245150207111066
245150207111067
245150207111068